["port 1","LEFT"]
["port 2","RIGHT"]
["port 3","LEFT"]
["port 4","RIGHT"]
("port 1","mode 1",1,"port 1",1,"transmission")
(5, 3)
1.8737028625000000e+14 1.1951446035760240e-01 2.2633914602023633e+00
1.9049312435416666e+14 1.0455664841122966e-01 3.6661516144914028e+00
1.9361596245833331e+14 9.1981063442811609e-02 5.0128932415628977e+00
1.9673880056250000e+14 8.1459411759737504e-02 6.5598916964889380e+00
1.9986163866666666e+14 6.4603699741911588e-02 7.9524830459700446e+00
("port 1","mode 1",1,"port 2",1,"transmission")
(5, 3)
1.8737028625000000e+14 7.3914444867915596e-01 -3.7907388493883665e-01
1.9049312435416666e+14 8.0121540612977715e-01 2.7172037218719596e+00
1.9361596245833331e+14 8.3634746412097261e-01 -3.2702275939841580e-01
1.9673880056250000e+14 8.5142091990962188e-01 -3.4515851655402350e+00
1.9986163866666666e+14 8.9879102440348058e-01 -6.4756278417365953e+00
("port 1","mode 1",1,"port 3",1,"transmission")
(5, 3)
1.8737028625000000e+14 1.2755629502818730e-01 8.8094331128043180e-01
1.9049312435416666e+14 1.3406937680198866e-01 2.3596825937590689e+00
1.9361596245833331e+14 1.3877989978630551e-01 3.9394675831358139e+00
1.9673880056250000e+14 1.3011833962374414e-01 5.5198287368475212e+00
1.9986163866666666e+14 1.2969882291747931e-01 7.2038427735176453e+00
("port 1","mode 1",1,"port 4",1,"transmission")
(5, 3)
1.8737028625000000e+14 6.4618750865318220e-01 -1.8069089148496482e+00
1.9049312435416666e+14 5.9827119661802175e-01 -4.7960222172380922e+00
1.9361596245833331e+14 5.4935325233722210e-01 -7.7609775952042011e+00
1.9673880056250000e+14 5.0216470725862494e-01 -1.0705261082960824e+01
1.9986163866666666e+14 4.5608999843685960e-01 -1.3632947918544351e+01
("port 2","mode 1",1,"port 1",1,"transmission")
(5, 3)
1.8737028625000000e+14 7.3906044883144528e-01 -3.7928243174907372e-01
1.9049312435416666e+14 8.0119332512756891e-01 2.7171036299748272e+00
1.9361596245833331e+14 8.3634812826008054e-01 -3.2706511426935220e-01
1.9673880056250000e+14 8.5138906152097205e-01 -3.4516077818992272e+00
1.9986163866666666e+14 8.9866942835322550e-01 -6.4756652066832103e+00
("port 2","mode 1",1,"port 2",1,"transmission")
(5, 3)
1.8737028625000000e+14 1.1956543874601730e-01 2.2627645580716083e+00
1.9049312435416666e+14 1.0466741936985773e-01 3.6672043094982434e+00
1.9361596245833331e+14 9.1914148968897380e-02 5.0132224995694372e+00
1.9673880056250000e+14 8.1466866907274754e-02 6.5593216423765783e+00
1.9986163866666666e+14 6.4679561395134227e-02 7.9551533527671827e+00
("port 2","mode 1",1,"port 3",1,"transmission")
(5, 3)
1.8737028625000000e+14 6.4616383302863856e-01 1.3346414560359152e+00
1.9049312435416666e+14 5.9823801920043784e-01 -1.6544092177451641e+00
1.9361596245833331e+14 5.4936456524845545e-01 -4.6193231056057291e+00
1.9673880056250000e+14 5.0220929057765962e-01 -7.5636827446337458e+00
1.9986163866666666e+14 4.5611018054760843e-01 -1.0491467730980798e+01
("port 2","mode 1",1,"port 4",1,"transmission")
(5, 3)
1.8737028625000000e+14 1.2758786062400501e-01 -2.2620750740705722e+00
1.9049312435416666e+14 1.3417562693635240e-01 -7.8094778198911818e-01
1.9361596245833331e+14 1.3861982022482372e-01 7.9780240204189634e-01
1.9673880056250000e+14 1.3019534776063313e-01 2.3772005191700760e+00
1.9986163866666666e+14 1.2975210808722321e-01 4.0634956085627678e+00
("port 3","mode 1",1,"port 1",1,"transmission")
(5, 3)
1.8737028625000000e+14 1.2986497361928623e-01 8.4988427546362055e-01
1.9049312435416666e+14 1.3201986822555070e-01 2.4106787797553682e+00
1.9361596245833331e+14 1.3671836507205393e-01 3.8830668596367546e+00
1.9673880056250000e+14 1.3462156053025826e-01 5.5782620372278444e+00
1.9986163866666666e+14 1.2244817708427082e-01 7.1478274149948362e+00
("port 3","mode 1",1,"port 2",1,"transmission")
(5, 3)
1.8737028625000000e+14 6.5772106404492525e-01 1.3059434351410799e+00
1.9049312435416666e+14 5.9054300034225282e-01 -1.6029558516888458e+00
1.9361596245833331e+14 5.4334783066443681e-01 -4.6775054926589110e+00
1.9673880056250000e+14 5.2094696433733112e-01 -7.5073845986823065e+00
1.9986163866666666e+14 4.3141369161100807e-01 -1.0552843586478918e+01
("port 3","mode 1",1,"port 3",1,"transmission")
(5, 3)
1.8737028625000000e+14 1.3604186148125824e-01 -4.8762032648101900e-01
1.9049312435416666e+14 1.7028801902601032e-01 1.1157486823244687e+00
1.9361596245833331e+14 2.0475936387244215e-01 2.7910256185760867e+00
1.9673880056250000e+14 2.1599055161731670e-01 4.4892231569801107e+00
1.9986163866666666e+14 2.4896853329528515e-01 6.3062979332718587e+00
("port 3","mode 1",1,"port 4",1,"transmission")
(5, 3)
1.8737028625000000e+14 7.2157368546369838e-01 3.0819394896310377e+00
1.9049312435416666e+14 7.7148657874219539e-01 2.2841405362029701e-01
1.9361596245833331e+14 8.1093549507406282e-01 -2.5989051755911978e+00
1.9673880056250000e+14 8.4688757685179772e-01 -5.4121623615483649e+00
1.9986163866666666e+14 8.6729444651132537e-01 -8.2034363907220218e+00
("port 4","mode 1",1,"port 1",1,"transmission")
(5, 3)
1.8737028625000000e+14 6.5765231700089344e-01 -1.8357758475704387e+00
1.9049312435416666e+14 5.9055724079591532e-01 -4.7447167466944649e+00
1.9361596245833331e+14 5.4328926583186743e-01 -7.8191179254865206e+00
1.9673880056250000e+14 5.2095796492538649e-01 -1.0648879329779472e+01
1.9986163866666666e+14 4.3136880444662629e-01 -1.3694544008299729e+01
("port 4","mode 1",1,"port 2",1,"transmission")
(5, 3)
1.8737028625000000e+14 1.2991550292928408e-01 -2.2928275739333293e+00
1.9049312435416666e+14 1.3212834049852987e-01 -7.2977565626724061e-01
1.9361596245833331e+14 1.3656373661470453e-01 7.4152403924354737e-01
1.9673880056250000e+14 1.3472321962109071e-01 2.4357102767966117e+00
1.9986163866666666e+14 1.2252950926493382e-01 4.0073545593576494e+00
("port 4","mode 1",1,"port 3",1,"transmission")
(5, 3)
1.8737028625000000e+14 7.2155504116701941e-01 3.0820009520671814e+00
1.9049312435416666e+14 7.7149509852863463e-01 2.2837154184136996e-01
1.9361596245833331e+14 8.1087008569001662e-01 -2.5988320130853446e+00
1.9673880056250000e+14 8.4700763501196819e-01 -5.4120738670722144e+00
1.9986163866666666e+14 8.6735802002588780e-01 -8.2036219462006219e+00
("port 4","mode 1",1,"port 4",1,"transmission")
(5, 3)
1.8737028625000000e+14 1.3581518369274673e-01 -4.8728629138750412e-01
1.9049312435416666e+14 1.7014395071401617e-01 1.1156310673327012e+00
1.9361596245833331e+14 2.0460206575655701e-01 2.7893977719955654e+00
1.9673880056250000e+14 2.1645819320279180e-01 4.4880854945945590e+00
1.9986163866666666e+14 2.4922076535381837e-01 6.3088402375315349e+00
